-0.0208751
-0.02114482
-0.05517221
-0.04545538
-0.01872323
-0.02972031
-0.01722586
-0.02712329
-0.04748493
-0.05006567
-0.03023998
-0.0164679
-0.02071991
-0.02146796
-0.01254741
-0.01485799
-0.04092776
-0.01835001
-0.0092226
-0.02392986
-0.00284109
-0.01552769
-0.02399632
-0.01308616
-0.01777125
-0.01173065
-0.02947929
-0.0334587
-0.01721956
-0.03353566
-0.00720194
-0.01956397
-0.02287311
-0.02808396
-0.02471226
-0.00594713
-0.04142677
0.00961221
-0.02564727
0.00759947
-0.01173764
-0.0424462
-0.00350999
-0.01478742
-0.00218761
-0.02061862
-0.02478713
0.0030547
-0.00778821
-0.01962689
-0.02906758
-0.00106195
-0.03637511
-0.02342871
-0.02772916
-0.01848352
-0.0011928
-0.02428873
-0.06762818
-0.03643221
-0.04377222
-0.03736539
-0.00764862
-0.01912866
-0.04405127
-0.03042916
0.00449761
-0.01242638
0.00154798
-0.02435019
-0.0279818
-0.01382164
-0.0133434
-0.02827916
-0.04324459
-0.01545282
-0.00681199
-0.02723944
-0.01722377
-0.01359623
-0.02190077
-0.04903944
-0.01517911
-0.00331165
-0.05647834
-0.02255892
-0.03055173
-0.0172436
-0.03254505
-0.02944808
-0.01258744
-0.03273249
-0.00204472
-0.02910835
-0.03715662
-0.00162865
-0.02676945
-0.01050823
-0.04310873
-0.03794795
-0.02272836
-0.01324821
-0.02828522
0.00358611
0.0015631
-0.01185356
-0.03893296
-0.03596029
-0.02707077
-0.01379205
-0.04781304
-0.00368112
-0.02378417
-0.05072937
-0.03028386
0.00859399
-0.0004779
-0.01263114
-0.04143255
-0.01213213
-0.01555866
-0.02084283
-0.03288262
-0.03396741
-0.01633157
-0.03164227
-0.01605869
-0.0132519
-0.0337851
0.01838941
-0.007215
-0.04146045
0.01747167
-0.04028601
-0.02744845
-0.01742529
-0.03536113
-0.05078951
-0.03976172
-0.01965407
-0.02391143
-0.02272839
-0.01559462
-0.03601214
-0.02252265
-0.01976154
-0.00583298
-0.06273674
-0.03952245
-0.05208284
-0.02206233
-0.02574473
-0.04360642
-0.0618046
-0.00832532
-0.02410577
-0.02294349
-0.03786798
-0.00029018
-0.02473533
-0.03944409
-0.03764492
-0.03249104
-0.00847053
-0.01438565
-0.00532525
-0.01522328
-0.01949999
-0.00298703
-0.01420628
-0.01682006
-0.01336543
-0.04411871
-0.01518398
-0.01998563
-0.04422159
-0.01945868
-0.0320273
-0.01262653
-0.01434064
-0.06257342
-0.00364058
-0.0586757
-0.0301861
-0.02097839
-0.0477998
-0.01076828
-0.02290671
-0.03609281